Aminoacid.1.letter	alpha_helix_chou	alpha_helix_deleage	alpha_helix_levitt	aminoacid_composition_swissprot_bairoch	antiparallel_beta_strand_lifson	average_area_buried_folding_rose	average_flexibility_bhaskaran	average_surrounding_hydrophobicity_manavalan	beta_sheet_chou	beta_sheet_deleage	beta_sheet_levitt	beta_turn_chou	beta_turn_deleage	beta_turn_levitt	bulkiness	coil_deleage	hydration_potential_wolfenden	hydrophilicity_hopp	hydrophobic_constants_wilson	hydrophobicity_abraham	hydrophobicity_antigenicity_welling	hydrophobicity_black	hydrophobicity_bull	hydrophobicity_chothia	hydrophobicity_eisenberg	hydrophobicity_fauchere	hydrophobicity_free_energy_transfer_janin	hydrophobicity_guy	hydrophobicity_kyte	hydrophobicity_miyazawa	hydrophobicity_parker	hydrophobicity_ph3.4_cowan	hydrophobicity_ph7.5_cowan	hydrophobicity_rao	hydrophobicity_rf_aboderin	hydrophobicity_rose	hydrophobicity_roseman	hydrophobicity_sweet	hydrophobicity_tanford	molecular_weight	number_codons	overall_composition_mccaldon	parallel_beta_strand	percentage_accessible_residues_janin	percentage_buried_janin	polarity_grantham	polarity_zimmerman	ratio_hetero_end_grantham	recognition_factors	refractivity	relative_mutability_ala100_dayhoff	retention_coefficient_hfba_browne	retention_coefficient_ph2.1_meek	retention_coefficient_ph7.4_meek	retention_coefficient_tfa_browne	total_beta_strand_lifson	transmembrane_tendency_zhao	levy_propensity
A	1.42	1.489	1.29	8.25	0.9	86.6	0.36	12.97	0.83	0.709	0.9	0.66	0.788	0.77	11.5	0.824	1.94	-0.5	-0.3	0.44	1.15	0.616	0.61	0.38	0.62	0.31	0.3	0.1	1.8	5.33	2.1	0.42	2.1	1.36	0.42	0.74	0.39	-0.4	0.62	89	4	8.3	1	6.6	11.2	8.1	0	0	78	4.34	100	3.9	-0.1	0.5	7.3	0.92	0.38	0.0062
C	0.7	0.966	1.11	1.37	1.24	132.3	0.35	14.63	1.19	1.191	0.74	1.19	0.965	0.81	13.46	0.953	-1.24	-1	6.3	0.58	-1.2	0.68	0.36	0.5	0.29	1.54	0.9	-1.42	2.5	7.93	1.4	0.84	1.4	1.27	0.84	0.91	0.25	0.17	0.29	121	1	1.7	0.91	0.9	4.1	5.5	1.48	2.75	89	35.77	20	-14.3	-2.2	-6.8	-9.2	1.16	-0.3	1.0372
D	1.01	0.924	1.04	5.45	0.47	97.8	0.51	10.85	0.54	0.541	0.72	1.46	1.197	1.41	11.68	1.197	-10.95	3	-1.4	-0.31	0.65	0.028	0.61	0.15	-0.9	-0.77	-0.6	0.78	-3.5	3.59	10	-0.51	10	0.11	-0.51	0.62	-3.81	-1.31	-0.09	133	2	5.3	0.5	7.7	2.9	13	49.7	1.38	81	12	106	-2.8	-2.8	-8.2	-2.9	0.48	-3.27	-0.7485
E	1.51	1.504	1.44	6.75	0.62	113.9	0.5	11.89	0.37	0.567	0.75	0.74	1.149	0.99	13.57	0.761	-10.2	3	0	-0.34	-0.71	0.043	0.51	0.18	-0.74	-0.64	-0.7	0.83	-3.5	3.65	7.8	-0.37	7.8	0.25	-0.37	0.62	-2.91	-1.22	-0.74	147	2	6.2	0.59	5.7	1.8	12.3	49.9	0.92	78	17.26	102	-7.5	-7.5	-16.9	-7.1	0.61	-2.9	-0.7893
F	1.13	1.195	1.07	3.86	1.23	194.1	0.31	14	1.38	1.393	1.32	0.6	0.624	0.59	19.8	0.797	-0.76	-2.5	7.5	2.54	-1.41	1	-1.52	0.5	1.19	1.79	0.5	-2.12	2.8	9.03	-9.2	1.74	-9.2	1.57	1.74	0.88	2.27	1.92	1.19	165	2	3.9	1.3	2.4	5.1	5.2	0.35	0	81	29.4	41	14.7	13.9	13.2	19.2	1.25	1.98	1.2727
G	0.57	0.51	0.56	7.07	0.56	62.9	0.54	12.43	0.75	0.657	0.92	1.56	1.86	1.64	3.4	1.251	2.39	0	1.2	0	-1.84	0.501	0.81	0.36	0.48	0	0.3	0.33	-0.4	4.48	5.7	0	5.7	1.09	0	0.72	0	-0.67	0.48	75	4	7.2	0.79	6.7	11.8	9	0	0.74	84	0	49	-2.3	-0.5	0	-1.2	0.61	-0.19	-0.1771
H	1	1.003	1.22	2.27	1.12	155.8	0.32	12.16	0.87	0.863	1.08	0.95	0.97	0.68	13.69	1.068	-10.27	-0.5	-1.3	-0.01	3.12	0.165	0.69	0.17	-0.4	0.13	-0.1	-0.5	-3.2	5.1	2.1	-2.28	2.1	0.68	-2.28	0.78	-0.64	-0.64	-0.4	155	2	2.2	0.38	2.5	2	10.4	51.6	0.58	84	21.81	66	2	0.8	-3.5	-2.1	0.93	-1.44	0.1204
I	1.08	1.003	0.97	5.96	1.54	158	0.46	15.67	1.6	1.799	1.45	0.47	0.24	0.51	21.4	0.886	2.15	-1.8	4.3	2.46	-2.92	0.943	-1.45	0.6	1.38	1.8	0.7	-1.13	4.5	8.83	-8	1.81	-8	1.44	1.81	0.88	1.82	1.25	1.38	131	3	5.2	2.6	2.8	8.6	5.2	0.13	0	88	19.06	96	11	11.8	13.9	6.6	1.81	1.97	1.1109
K	1.16	1.172	1.23	5.84	0.74	115.5	0.47	11.36	0.74	0.721	0.77	1.01	1.302	0.96	15.71	0.897	-9.52	3	-3.6	-2.45	2.06	0.283	0.46	0.03	-1.5	-0.99	-1.8	1.4	-3.9	2.95	5.7	-2.03	5.7	0.09	-2.03	0.52	-2.77	-0.67	-1.5	146	2	5.7	0.59	10.3	0.5	11.3	49.5	0.33	87	21.29	56	-2.5	-3.2	0.1	-3.7	0.7	-3.46	-1.1806
L	1.21	1.236	1.3	9.66	1.26	164.1	0.37	14.9	1.3	1.261	1.02	0.59	0.67	0.58	21.4	0.81	2.28	-1.8	6.6	2.46	0.75	0.943	-1.65	0.45	1.06	1.7	0.5	-1.18	3.8	8.47	-9.2	1.8	-9.2	1.47	1.8	0.85	1.82	1.22	1.53	131	6	9	1.42	4.8	11.7	4.9	0.13	0	85	18.78	40	15	10	8.8	20	1.3	1.82	0.9138
M	1.45	1.363	1.47	2.42	1.09	172.9	0.3	14.39	1.05	1.21	0.97	0.6	0.436	0.41	16.25	0.81	-1.48	-1.3	2.5	1.1	-3.85	0.738	-0.66	0.4	0.64	1.23	0.4	-1.59	1.9	8.95	-4.2	1.18	-4.2	1.42	1.18	0.85	0.96	1.02	0.64	149	1	2.4	1.49	1	1.9	5.7	1.43	0	80	21.64	94	4.1	7.1	4.8	5.6	1.19	1.4	1.0124
N	0.67	0.772	0.9	4.06	0.62	103.3	0.46	11.42	0.89	0.604	0.76	1.56	1.572	1.28	12.82	1.167	-9.68	0.2	-0.2	-1.32	-0.77	0.236	0.89	0.12	-0.78	-0.6	-0.5	0.48	-3.5	3.71	7	-1.03	7	0.33	-1.03	0.63	-1.91	-0.92	-0.78	132	2	4.4	0.54	6.7	2.9	11.6	3.38	1.33	94	13.28	134	-2.8	-1.6	0.8	-5.7	0.6	-1.62	-0.2693
P	0.57	0.492	0.52	4.7	0.42	92.9	0.51	11.37	0.55	0.354	0.64	1.52	1.415	1.91	17.43	1.54	0	0	2.2	1.29	-0.53	0.711	-0.17	0.18	0.12	0.72	-0.3	0.73	-1.6	3.87	2.1	0.86	2.1	0.54	0.86	0.64	0.99	-0.49	0.12	115	4	5.1	0.35	4.8	2.7	8	1.58	0.39	91	10.93	56	5.6	8	6.1	5.1	0.4	-1.44	-0.1799
Q	1.11	1.164	1.27	3.93	1.18	119.2	0.49	11.76	1.1	0.84	0.8	0.98	0.997	0.98	14.45	0.947	-9.38	0.2	-0.2	-0.71	-0.11	0.251	0.97	0.07	-0.85	-0.22	-0.7	0.95	-3.5	3.87	6	-0.96	6	0.33	-0.96	0.62	-1.3	-0.91	-0.85	146	2	4	0.28	5.2	1.6	10.5	3.53	0.89	87	17.56	93	1.8	-2.5	-4.8	-0.3	0.95	-1.84	-0.4114
R	0.98	1.224	0.96	5.53	1.02	162.2	0.53	11.72	0.93	0.92	0.99	0.95	0.912	0.88	14.28	0.893	-19.92	3	-1.1	-2.42	0.58	0	0.69	0.01	-2.53	-1.01	-1.4	1.91	-4.5	4.18	4.2	-1.56	4.2	0.15	-1.56	0.64	-3.95	-0.59	-2.53	174	6	5.7	0.68	4.5	0.5	10.5	52	0.65	95	26.66	65	3.2	-4.5	0.8	-3.6	0.93	-2.57	-0.0876
S	0.77	0.739	0.82	6.56	0.87	85.6	0.51	11.23	0.75	0.928	0.95	1.43	1.316	1.32	9.47	1.13	-5.06	0.3	-0.6	-0.84	-0.26	0.359	0.42	0.22	-0.18	-0.04	-0.1	0.52	-0.8	4.09	6.5	-0.64	6.5	0.97	-0.64	0.66	-1.24	-0.55	-0.18	105	6	6.9	0.7	9.4	8	9.2	1.67	1.42	107	6.35	120	-3.5	-3.7	1.2	-4.1	0.82	-0.53	0.1376
T	0.83	0.785	0.82	5.34	1.3	106.5	0.44	11.69	1.19	1.221	1.21	0.96	0.739	1.04	15.77	1.148	-4.88	-0.4	-2.2	-0.41	-0.45	0.45	0.29	0.23	-0.05	0.26	-0.2	0.07	-0.7	4.49	5.2	-0.26	5.2	1.08	-0.26	0.7	-1	-0.28	-0.05	119	4	5.8	0.59	7	4.9	8.6	1.66	0.71	93	11.01	97	1.1	1.5	2.7	0.8	1.12	-0.32	0.1031
V	1.06	0.99	0.91	6.87	1.53	141	0.39	15.71	1.7	1.965	1.49	0.5	0.387	0.47	21.57	0.772	1.99	-1.5	5.9	1.73	-0.13	0.825	-0.75	0.54	1.08	1.22	0.6	-1.27	4.2	7.63	-3.7	1.34	-3.7	1.37	1.34	0.86	1.3	0.91	1.8	117	4	6.6	2.63	4.5	12.9	5.9	0.13	0	89	13.92	74	2.1	3.3	2.7	3.5	1.81	1.46	0.7599
W	1.08	1.09	0.99	1.08	1.75	224.6	0.31	13.93	1.37	1.306	1.14	0.96	0.546	0.76	21.67	0.941	-5.88	-3.4	7.9	2.56	-1.14	0.878	-1.2	0.27	0.81	2.25	0.3	-0.51	-0.9	7.66	-10	1.46	-10	1	1.46	0.85	2.13	0.5	0.81	204	1	1.3	0.89	1.4	2.2	5.4	2.1	0.13	104	42.53	18	17.8	18.1	14.9	16.3	1.54	1.53	0.7925
Y	0.69	0.787	0.72	2.92	1.68	177.7	0.42	13.42	1.47	1.266	1.25	1.14	0.795	1.05	18.03	1.109	-6.11	-2.3	7.1	1.63	0.13	0.88	-1.43	0.15	0.26	0.96	-0.4	-0.21	-1.3	5.89	-1.9	0.51	-1.9	0.83	0.51	0.76	1.47	1.67	0.26	181	2	3.2	1.08	5.1	2.6	6.2	1.61	0.2	84	31.53	41	3.8	8.2	6.1	5.9	1.53	0.49	0.8806
